$ANSIBLE_VAULT;1.1;AES256
36666263633835663130383135363762623638643336623665656339376238313364323135333535
3661353265616435336234336562303964343664636234320a336364346430653431323861383263
37306338306163353034616437343339643464623532656334613064656434363639643030353161
3364366537373663330a356530386439663564393734336631323737336561393433646330616139
37663965663034396136373165646233333934303263623665643535333465336566356435666134
63643431363831306330373438393063303530333561323839373838666666306165633332643665
66323430306231376431646239396339386530393932636331633338623330383764636138393262
31326262313430393430626134326264646266366465613437373531323931663133323139666134
39386662373937316636643765333632313237336363336162386463383336616238643132653430
34373831663461626635333065613266623430306237663062303263306561386436633632333239
65626162663661376533376164393265656134386661313536346632326436356130346234653939
31323366366135623636626162636439623038633861633835336633373938396261336135323530
35343066653032326365383332353864303666356363383637306365623737356663313631376631
31653036343831383635316239393263623636386234326133326662353631313332383332393339
63643263373362333839333464656535343137396231656133656666393632633563656336396534
39343339636431383838653333313165333531666166383336386335316361393661326430383630
35626635333230653663653137366532666161336433623163343233373633333637616364353361
63633231643630613830326164616337333834666433623063383162643734623635373238666637
38613861633338316430396538376332313163646563316433613232656266396430366562323366
32656637633764326432333331626434323262383135343433663439326666343431376334353234
36613139623232656264623465303338626439666139623164383232633839613666336233356433
36643033653137336136656232306532626263356262316265333961666638633164613133353764
62313962656366636132376639386462313237336537643135626231636563396439356666626138
65373461336261366634663634323634653062386337303365313036353064303232386362393964
39336235333737356339656236363963356638343463383030643265376530623161326363643763
37646132636164323338383439396130336465353261366235663261393663613761363663353939
39636334356630343736353838383566646564333264633838383535373337666430303063383336
37373937623335353864386530303631623862396534616463643661633432663737363864393131
32663239393865613036313238316461613563396431626237373532633435623964623864656464
61313665353665663638646437386365306333333264393934353033633539323635356130613932
66343431663936626633626135386662373737353630666433663437623362653366353831393230
61363731363437653032346330323130353732343536303862386265333234386436303733643231
35633263663939363035393866643065626333613965616631353565643333366533346135643062
65623963616130623135353837363830393063656239373437333432616230643835323636396661
30306132343232333563316633373663316361303662356262613165666338383062383034366139
65653739636631666136353132663935353764343133663338333535646337396133663439643137
32616132333930396566363434353736393639333866373131353339613039323438346363323961
34626635623439613536613130376639366234383936356536613961643264366436313136393765
39343032633965363434626534353162356264336239313463323963646334653033656565333139
32393261383964663332396463393466336533356633663662373538386665306366353833346232
30373839626464373865376435333066363933306264333132396565613836383939343039663866
30363263333466656165393331363836636162396262316330396530393935646466613238393038
38386238623937303963353764353464656638626633633832656630623138373638623037303561
65646334656430643631633966666533393962336362306666656638643630343233623861303833
37626532663335616335396137363563626665366565666538323434376165653433633235326232
39366533313931626231663763393236636535366361613039613466353163646433643033326535
31373266326637633462306335313831396439633261353064326439613632366437343439363538
63323737343036313966333233633363633663663061333962653363616238626334356563313631
39383335346136363566353638336636326330393635383630623430646638326562353463376662
30336338306438363964393035323465356331396135376136643237316339383839323966376633
39323138363161653336633662653436306634346161663031313731313463373130343933653462
32346539346230313765313234353036633364646635346539656334363864393132616339393466
63626265326133336462326561343737383362643161333231363363376437656661666531646164
32383331646532353331313365333461363730633030343464373932343363363136313334306134
30386632313466643264366436383062616137643262366633346462633961376266383666663865
37393832346438663333643331386433616531363336333961323835643235326661633933373531
30653737363539616232623739313337353331383732323433346136343765306263363563333233
34333862363931663765313464366237353764306435333362343061623165386565613762396538
61633039313235613264666131663263663833376661633165373865383863626565323638306331
65316163383834333637646132306466343934353035646661666531333531316238326434373131
63656433366333326638663966663932613164316530376534363636633061323238313534353636
64373334376339363366626665376130353031383237656461646161366437376364653835613137
32373933373962323134663736636461643939393166663736366638346131336432393163643137
37343032666161336464393530633765383039643563373361376162343638656464306332393363
30633861363063316333393937333161386135666261333034333531643032663230366536343963
62663737383330633237623630356135383263613037333637616262303139656530646439613437
63373131366431353137303133323262373064303862376564616338316433366635393138316632
31343165303930306161373561663338646139333938383762356136326237383537356465316635
64366465633033353961333663343766616431663361646265613163393966356562653637326136
39373531386235353832643831656137393763383361323238653863356239633035626264656138
33303237356261653236646136356430616434613937643336616438333734386339653566656666
65613861346339303333326233313635386163623137313835636365396239396539363465646232
61663062643739376539663336643233613766633833313538303134313631386561656361326563
62396266313033313634313737613736666431333263326665373534633564633731396538633832
38346664663433313834373433343134363837646564396266623635356334383930306532333335
36643039363064333732386632306437303437366430306533316237363935616565303039623665
33613039633566316136366665323135393734653961646538653734326535313166353166653731
63336261376432306464636666626534333633353862643534363165663436646637366264393532
66393736633935386661313538353862616264616364363063613933326134393038626131393661
31303061393132363566383933333731323233636333666666393336316434306432343635636461
38666163633337316161333831366333336365613966663637313062653832316435663835303464
36663465636363313136623833346235303135363836383531313737656661663133343865643438
63653862663937623364333633613866313063306161623738376366616132393137666438383236
66336662343333663166663231643232323939623266346534376265613135366663333536613338
34353230323238396632646339356234363430636437343736633033616261346230366562366366
30346131633461633963656437363537363339666132376530613762376237336465333937656165
38393233383131616266633339613961393636656163343461393139636137613531613334306162
30626238613536356665333631613238373830353531613935653838643637313866616530653435
66346538393930306165333134666539663932316361363233333664613162353434656131633533
30393537623839336139303266363034373334383230316633616431353964636538623231613531
65613334306332626438393465653639383239623831376261633033356330373736646330356638
63386135656230386435303337373862376635303466353664653735326163326366653534393766
31656432633133656665363161303931373431626638333630393430623733326165363832333038
36613363323362643864643964663137336364343364623465363039303961353764306436326663
37656433653234323839333066356462656663633966613734323931393137333064663565366662
61656239626632363231333231346565343866626439303835346263313231663834383566656261
39383861653636613538373038303164613131623730316236393431613962393234396364633662
36393630383565383566313164353433343030373363393033616263666562623338626235356164
66613233366231666230323334353865613337636363663133333036653134343265376137336564
35326430656239663262306334383461313033393431386339613065383933303861373233363863
35363634626466353166663561356433633365363866336563313832356264303638353837613262
62643266336338393933326563333562636561346633303762326234613061393666646566333066
61313132663162366430353065306137336465326662613563393134376138353366303138323135
35373631396135306432653463626139316261343461303738306632346635313962386136346133
34636338386533356239353835323262653066663839363765613464326633633937326164393332
36613735623832303632326530373833376136306331306561653262326432646263343933396361
38616261643436326365333963626334326532316166333635373662663434663264623363396138
30306535393232383938366434653434663135326232663238636263633838623037643765383466
65643062346436333765643166336261383963633764333264346561643834613139306430393433
33373036333938656431356339376362623233366339626232356338383835626165353462363131
36333134336434386435376165646534623364633437313962383836656339653762393861633633
63366462626435343239343930366133373364383561663830336238363462323463653833343036
35386561333036346237643264396337386535623465366238336239396237633961313864623761
66306338656262353739666162663263313535363366646366646630323064396465386136623435
38366534323035376633613137353366393163663466393562653532323834346231383431373833
61326564396266313539376435376262616165353436303031646265643234333866363966306531
63313136356663383161386630346166376462616530666132646365353831343931656364303133
61363266353639613536303631613032626133323438383938376333306538663463336437613430
66613935636532376563333964326132313865643464353866626463623935343062383866326533
39366264366637396464613762313361663666306462623166313962663133646136373739353635
66646564636662626166633665376664316164613262316430666632616465393865643961363835
34383238636333316531646636373266643066313438626538333834343134323434643033633834
32663433666134336464363263323538323436633339623038323137346634346563376434623832
30633536396234653861373135373538613765323938323133623733316438323431636461666531
35393364363162663031613336373465306466393037633864333966323432663538316130373837
38363437326566643165336134313432346232386633323361353539326536396632666633333061
39623931613135303661303264383065373164663564626339373062396338323734336463343237
31653032353561303836636165636162623864373265376365653035636436373665613131336533
61623030373539386337343163353439663266303963326333393739323162663934373961646236
61393431383137393264643362323431353663653233323733376662376465396539386138313039
30393766363038666261663664346338313062356536613266656133386639313235613339306337
32333239316438636163623834663761336563313162383738323364633632323166373437653637
62323038653537666263343563326566363839663331356165333138366630303836636162323762
32343931613765656266646639643034303663343566306561386565376438653935623562323861
31313363623062333037626239656336373565396539306630323466626130363962363763373731
34313862353564333831356337613865316161663332626232633263396139333436613133363637
3661
